2.1226076452052212e-14
0.0
0.0
-0.010213905220661956
-0.008230598442414434
0.0
0.002261317643806271
0.0005016173066926097
0.0
-0.01849419468658897
-0.01156739717655706
0.0
-0.018705284010025802
-0.013242537310047231
0.0
-0.03127319620405722
-0.02286731449189308
0.0
-0.04142564915420533
-0.03065479920140088
0.0
-0.05279537582773824
-0.03975870251623205
0.0
-0.06250476489411186
-0.04606409357698739
0.0
-0.07692473266234773
-0.056237907034346335
0.0
-0.08523690000535838
-0.0653532827628977
0.0
-0.09371073679190574
-0.07399659806324321
0.0
-0.10628873224408504
-0.0835988288757191
0.0
-0.1089383178102887
-0.08689538618273596
0.0
-0.12271927182091874
-0.09842166073206074
0.0
-0.1186190604974474
-0.09951143858193708
0.0
-0.13032065238034352
-0.10988671979676917
0.0
-0.1239766579630729
-0.11076980368318767
0.0
-0.12988605811571602
-0.11733226627902676
0.0
-0.124713959794483
-0.11702152279094594
0.0
-0.12268934898118405
-0.11797375715161726
0.0
-0.11816842237877213
-0.11931975777711103
0.0
-0.1071815091142458
-0.11833323384742814
0.0
-0.10325007831851778
-0.11921933437443077
0.0
-0.08899815898887121
-0.11228552508419808
0.0
-0.08259056000780807
-0.11031151871841384
0.0
-0.06563065290628262
-0.1038102717274332
0.0
-0.05429393803267946
-0.10109143229244699
0.0
-0.038592833862699676
-0.09365970508493295
0.0
-0.024234232508096094
-0.08619498615637147
0.0
-0.008091664897016996
-0.07782529143900097
0.0
0.006998736685735243
-0.07088367141973578
0.0
0.025047727742854003
-0.06283294148019747
0.0
0.03959557189220346
-0.054305327702456545
0.0
0.05596936232317509
-0.043569177166949455
0.0
0.0692863872245237
-0.033650033251530584
0.0
0.08459216008935046
-0.02494366255225151
0.0
0.09859380253810082
-0.016934215254973555
0.0
0.11081400266561672
-0.009584897944047847
0.0
0.1216952997969692
-0.0010427131030835617
0.0
0.13174429952913944
0.008155782111206284
0.0
0.1370238503236913
0.01571517537594672
0.0
0.14535737522731526
0.02393223072866182
0.0
0.14688313325053168
0.028145256007198895
0.0
0.15114575915375875
0.033535722719395304
0.0
0.15040718630198865
0.03789141935124286
0.0
0.1474054880192092
0.040530703126043365
0.0
0.14550108807395357
0.044312954520310956
0.0
0.1350296305404493
0.04397117131982607
0.0
0.1306556484512648
0.046927820572176426
0.0
0.11411722015760108
0.04505821248402914
0.0
0.10612790769189369
0.04685794388336255
0.0
0.08728620150808707
0.04169750256707292
0.0
0.07384453195968817
0.04030408244176753
0.0
0.05244413226549342
0.034461661874298825
0.0
0.03502101017368479
0.030858933231689416
0.0
0.010291291924017289
0.0256678979806706
0.0
-0.009459481708610258
0.020711783855074432
0.0
-0.03818431741689528
0.012196452698252544
0.0
-0.05683529583370261
0.008740511344580109
0.0
-0.08805124815368195
-0.001378266862823186
0.0
-0.11356601138620712
-0.00916342716297463
0.0
-0.13430857719896294
-0.012898982299715537
0.0
-0.17967167767346554
-0.026282338728417384
0.0
-0.19125631398182105
-0.02476111762732455
0.0
-0.3064174335194007
-0.042872022021733604
0.0
