0.0
0.0
0.0
-4.634964287375532e-21
5.55653613398821e-21
0.0
7.562310153086394e-21
1.748276003132876e-21
0.0
2.9327668765732897e-20
2.1412992906588713e-21
0.0
-1.1123914289701276e-19
-1.1384122811097797e-21
0.0
4.282598581317743e-20
5.767955557622884e-20
0.0
2.38524477946811e-19
-1.362842130814279e-19
0.0
2.1337098754514727e-19
0.0
0.0
-2.237793284010081e-19
2.725684261628558e-19
0.0
1.431146867680866e-20
6.186457596202289e-19
0.0
1.262011328773127e-19
-2.931682674400804e-19
0.0
3.6082248300317586e-19
0.0
0.0
1.1449174941446927e-18
-2.2768245622195594e-19
0.0
4.90059381963448e-19
-1.6197980456933436e-18
0.0
-6.600622826091751e-19
6.87817858224804e-19
0.0
-9.107298248878238e-19
4.614364446098307e-19
0.0
-1.438085761584773e-18
8.916478666520789e-19
0.0
1.1865508575681361e-18
1.9862583799934442e-19
0.0
9.384854005034527e-19
6.600622826091751e-19
0.0
-1.4970663597679845e-18
0.0
0.0
1.5040052536718917e-18
4.839878497975292e-19
0.0
2.052177872080563e-18
9.08995101411847e-19
0.0
1.096345236817342e-18
1.8769708010069054e-18
0.0
3.4208746946262635e-18
9.107298248878238e-19
0.0
2.2620794126737565e-18
-1.0911410663894117e-18
0.0
-3.788636071533347e-18
-3.5561831257524543e-19
0.0
2.7755575615628915e-18
-1.4623718902484483e-18
0.0
-2.147587663259287e-18
1.635844237846129e-18
0.0
-2.6680047060523294e-18
-1.6662018986757232e-18
0.0
1.0883655088278488e-17
-6.519090822720841e-18
0.0
-6.956241138666996e-18
-1.8596235662471373e-18
0.0
-3.299444051307887e-18
-2.480654570646834e-18
0.0
-6.931955010003321e-18
9.957312752106872e-19
0.0
-6.8556271770603416e-18
1.8735013540549518e-18
0.0
-3.4139358007223563e-18
-3.0149494012476907e-18
0.0
1.935951399190117e-18
1.249000902703301e-19
0.0
7.223388553967424e-18
-2.563921297493721e-18
0.0
-7.05685510027365e-18
6.3248017934114385e-18
0.0
-9.249545573908335e-18
-1.7590096046404824e-18
0.0
-2.10248485288389e-18
4.08006961549745e-18
0.0
1.7034984534092246e-17
-5.655198531684391e-19
0.0
9.13852327144582e-18
-1.2871648191747909e-18
0.0
5.5649929109335975e-18
2.848415947553917e-18
0.0
1.9539925233402754e-17
-2.0469737016526323e-18
0.0
1.326716514427062e-17
-1.9706458687096527e-18
0.0
-1.0193235144839719e-17
-3.469446951953614e-18
0.0
2.03517758201599e-17
-1.1102230246251566e-17
0.0
1.1948775302528247e-17
4.496403249731884e-18
0.0
-2.5049406993105094e-17
1.7881529590368927e-17
0.0
6.827871601444713e-18
-5.2388648974499575e-18
0.0
-1.2101430968414206e-17
-3.9759862069388415e-18
0.0
8.104628079763642e-18
-4.142519660632615e-18
0.0
2.0997092953223272e-17
7.743805596760468e-18
0.0
-5.981326545168031e-18
-4.9751869291014825e-18
0.0
-8.1601392309949e-18
6.127043317150083e-18
0.0
-2.403632848313464e-17
1.0436096431476472e-17
0.0
3.1696867353048217e-17
-1.4578616092109087e-17
0.0
-9.256484467812243e-18
-3.753941602013811e-18
0.0
-2.503552920529728e-17
1.864480791979872e-17
0.0
2.5701663020072375e-17
-5.086209231563998e-18
0.0
-2.9851121574608894e-17
8.590350653037149e-18
0.0
-1.3475331961387837e-17
-2.1815882433884327e-17
0.0
-4.579669976578771e-19
1.695171780724536e-17
0.0
-4.402034292638746e-17
2.228078832544611e-17
0.0
-3.11001224773122e-17
-1.990768661030984e-17
0.0
2.8407831642596195e-17
6.154798892765712e-18
0.0
