4.65599780952175e-15
0.0
0.0
7.631997210877373e-7
2.3585848220125585e-6
0.0
-6.49377115791161e-6
2.2548945875851922e-5
0.0
-2.9244312518738637e-5
6.756939876840785e-5
0.0
-7.935937011881179e-5
0.00015516534886977294
0.0
-0.00016748978937521013
0.0002899299987920722
0.0
-0.00029442980141460815
0.0004902097518572917
0.0
-0.0004775564961341207
0.0007627776380374538
0.0
-0.0007148387054400073
0.0011166623476426725
0.0
-0.001017446930718963
0.0015648927920503264
0.0
-0.0013893304247568623
0.0021142755470268284
0.0
-0.0018319542248823953
0.002774800117006097
0.0
-0.0023565936651515165
0.0035527136229751366
0.0
-0.0029592535472544516
0.004456226148407885
0.0
-0.003649264776317872
0.005494291585249209
0.0
-0.004423155053440217
0.006670616047151812
0.0
-0.005290201979055244
0.007992484502875577
0.0
-0.006243711031593819
0.009463754199863419
0.0
-0.007292723140444943
0.011089094012349783
0.0
-0.008430706960501891
0.01287314987224928
0.0
-0.00966625851019776
0.01482043980174039
0.0
-0.010990985310559222
0.01692953727778218
0.0
-0.012411354257772733
0.019205720091645607
0.0
-0.01392265413350284
0.021649241260275738
0.0
-0.015525806105542871
0.024262215019937035
0.0
-0.017220173472510453
0.027044125217184967
0.0
-0.019001379822975315
0.029992998502059484
0.0
-0.020872712725981027
0.033111872929890644
0.0
-0.02282570974324198
0.03639444869358668
0.0
-0.024864792961959828
0.03984379223829759
0.0
-0.026983743553755917
0.04345426980265568
0.0
-0.029181593797604984
0.047222980934840356
0.0
-0.03145756618344052
0.05114936756177603
0.0
-0.03380365995961367
0.05522606796134245
0.0
-0.036224110509586745
0.05945274904959887
0.0
-0.03871110429220112
0.06382232315283695
0.0
-0.04126430888837191
0.06833018480671299
0.0
-0.04387907930160655
0.07297229398656568
0.0
-0.046553605392860235
0.07774089400556058
0.0
-0.04928600255243764
0.08263504554090464
0.0
-0.052070152354307606
0.08764311256563613
0.0
-0.05490763271911975
0.09276393109205118
0.0
-0.0577912823046693
0.09798620162591934
0.0
-0.060720226505755634
0.10330990372994792
0.0
-0.06369227431619098
0.10872326706097729
0.0
-0.06670194793986882
0.11422224879611059
0.0
-0.06975023731121398
0.11980100642800791
0.0
-0.07283071536440948
0.12545012744348943
0.0
-0.07594388346254848
0.1311674427053596
0.0
-0.07908454865615824
0.13694331283195127
0.0
-0.08225241347178375
0.14277501798634545
0.0
-0.08544326955947308
0.14865107814109754
0.0
-0.08865658682349188
0.15457350264711206
0.0
-0.0918866412500363
0.16053016111901489
0.0
-0.09513586117566952
0.16651929221130043
0.0
-0.09839633089800713
0.17253576150884523
0.0
-0.10167407915291299
0.17857492145596376
0.0
-0.10495778388894096
0.18463193224390378
0.0
-0.1082515956100437
0.19070283778378042
0.0
-0.11155319532957567
0.1967861799483
0.0
-0.11485953762789808
0.20287842826328223
0.0
-0.1181690457944283
0.20897344180934804
0.0
-0.12148190847334038
0.21507644343775445
0.0
-0.12479606983275372
0.22117921208126998
0.0
-0.12811267734120665
0.22728369813267643
0.0
-0.13145377691114027
0.23339004980328265
0.0
