7.771561172376096e-16
0.0
0.0
-7.656941376421589e-5
-5.3278986489406703e-5
0.0
-0.000305629447973978
-0.0002108070411704605
0.0
-0.0006859808889661471
-0.0004693436249694744
0.0
-0.0012162435828678591
-0.0008258531653031992
0.0
-0.0018947761372289744
-0.0012771758605595689
0.0
-0.0027201686058493904
-0.0018206778982523542
0.0
-0.003690398652846385
-0.002453260354105481
0.0
-0.004803748322046476
-0.003172349055033951
0.0
-0.006058092337103174
-0.003975275748649144
0.0
-0.00745132641237308
-0.004859418216860382
0.0
-0.00898138673543562
-0.005822323950531089
0.0
-0.010645655513299332
-0.006861493132143357
0.0
-0.012441995932823992
-0.007974603759991497
0.0
-0.014367701974506842
-0.009159362462349633
0.0
-0.016420358798894093
-0.010413475751222947
0.0
-0.01859711906489734
-0.011734764533382087
0.0
-0.020895438203460254
-0.013121064664365653
0.0
-0.023312294503512198
-0.014570250109230437
0.0
-0.02584504762162141
-0.016080325912633635
0.0
-0.02849049899938996
-0.017649257379425656
0.0
-0.031245937542678567
-0.019274992330894785
0.0
-0.03410809019124331
-0.020955635192790308
0.0
-0.03707399446422549
-0.022689296733741766
0.0
-0.040140520883118466
-0.02447408172553003
0.0
-0.04330443162292891
-0.026308128780385086
0.0
-0.04656265712219852
-0.028189591920437546
0.0
-0.04991182437119915
-0.030116733939985006
0.0
-0.05334883290437932
-0.032087700259574345
0.0
-0.056870292633028445
-0.03410083708528654
0.0
-0.060473013376285585
-0.0361543137741641
0.0
-0.06415370513341319
-0.03824647551827943
0.0
-0.06790901459052505
-0.04037565366019346
0.0
-0.07173581053935772
-0.042540125545755376
0.0
-0.0756306053069415
-0.04473833418042855
0.0
-0.07959031130558784
-0.04696854624500334
0.0
-0.08361157605699839
-0.049229217888606736
0.0
-0.08769124147083537
-0.05151875236281506
0.0
-0.09182610257705211
-0.053835558079185455
0.0
-0.09601295926783057
-0.05617817927927048
0.0
-0.10024877504119437
-0.058544979384098354
0.0
-0.10453033816979512
-0.060934540996919924
0.0
-0.10885474897033794
-0.06334534742187789
0.0
-0.11321896607961333
-0.06577603814682997
0.0
-0.11762007747646007
-0.0682250858351998
0.0
-0.12205533645982435
-0.0706912029087706
0.0
-0.1265218165833233
-0.07317298742803252
0.0
-0.13101695879788358
-0.07566912314460311
0.0
-0.13553805654566728
-0.07817837942610974
0.0
-0.1400826811373954
-0.08069947065890856
0.0
-0.1446483517203695
-0.08323125372019921
0.0
-0.14923274376086787
-0.08577246212650073
0.0
-0.15383364804897573
-0.08832219004412746
0.0
-0.15844901593106617
-0.09087922440595872
0.0
-0.16307677000057055
-0.09344261375349368
0.0
-0.1677152081780588
-0.09601146402820257
0.0
-0.17236232458321463
-0.09858489607042914
0.0
-0.1770168690850604
-0.1011620561148277
0.0
-0.18167716222861957
-0.10374220817969124
0.0
-0.18634194715679472
-0.10632473992383484
0.0
-0.19101013872230452
-0.10890903044791657
0.0
-0.19568068235097102
-0.11149449928891086
0.0
-0.20035276384511494
-0.1140808663867951
0.0
-0.20502575438837886
-0.11666766267458774
0.0
-0.20969913290418632
-0.11925468491768033
0.0
-0.21437227514439813
-0.12184178026817243
0.0
