1.0380585280245214e-14
0.0
0.0
-0.0005974476201991985
-0.00040920959217733636
0.0
-0.002381772650467795
-0.001648640708614129
0.0
-0.00515824960443978
-0.0035224979684560123
0.0
-0.008925090772442731
-0.006048605461807357
0.0
-0.013486910685696898
-0.009047029322036
0.0
-0.018866391017739712
-0.012524491837588405
0.0
-0.024805311410185674
-0.01634903475228327
0.0
-0.031364547496037835
-0.0204662639156263
0.0
-0.03831550751511354
-0.02484368346511872
0.0
-0.045644351816287974
-0.02936450323413438
0.0
-0.05327446579199404
-0.034028301989154915
0.0
-0.061052616012205844
-0.038707893426801275
0.0
-0.06897022080865223
-0.04342836739552022
0.0
-0.07686541366604534
-0.04808604575929004
0.0
-0.08474447177416314
-0.05268999646407142
0.0
-0.0924390979095963
-0.057122649279120065
0.0
-0.09998854485816365
-0.06143387692632866
0.0
-0.10721778997299904
-0.06550027290352486
0.0
-0.1141789340472787
-0.06937363871574233
0.0
-0.12069557355676885
-0.07298364904022057
0.0
-0.12681583915640338
-0.07627318923663315
0.0
-0.132405358393735
-0.07927075815756572
0.0
-0.1374627806248711
-0.08191986657424333
0.0
-0.14195968822605523
-0.08424732598355887
0.0
-0.14581129539365983
-0.08618208111975592
0.0
-0.1490653041181191
-0.08774728852461115
0.0
-0.15160165344201676
-0.08890898544861194
0.0
-0.1534687046722498
-0.08967890323138411
0.0
-0.15457900013401674
-0.0900320570404922
0.0
-0.1549630181011547
-0.08997900808329967
0.0
-0.15461896799925345
-0.08949948820037452
0.0
-0.1534939905964821
-0.0886136157527749
0.0
-0.15167446359328068
-0.0872899618436059
0.0
-0.14902701227259751
-0.08559305160183286
0.0
-0.14566277149333318
-0.08346214910092581
0.0
-0.14151117133731825
-0.08093336164793853
0.0
-0.13665331404229913
-0.07799723623529128
0.0
-0.13107742210342802
-0.07466326495391001
0.0
-0.1247724807938209
-0.0709974326267493
0.0
-0.1178067089354895
-0.06692659025865773
0.0
-0.11014045827478958
-0.06252648248448785
0.0
-0.10184075995327689
-0.05774642302773403
0.0
-0.09290100605057207
-0.052684279113797444
0.0
-0.08336500177281542
-0.047282156235561805
0.0
-0.07328421170230685
-0.0415902969800269
0.0
-0.06265631994458373
-0.0356179770983211
0.0
-0.05152101878723147
-0.02936649599059249
0.0
-0.03990039916479138
-0.022880364899146955
0.0
-0.027834973905739295
-0.016162397914353064
0.0
-0.015344774744128126
-0.009226919867219723
0.0
-0.002484421942739483
-0.0020673398791605504
0.0
0.01074290282985747
0.005232137054900378
0.0
0.024247236466645422
0.012726607143860744
0.0
0.03807971829992954
0.020370451227802018
0.0
0.05211796762572205
0.028126692063982738
0.0
0.0664640796229016
0.03601372402902782
0.0
0.08092588230912429
0.04398995421330172
0.0
0.09558865767886066
0.05208501129432886
0.0
0.11038479159004515
0.060212815148427364
0.0
0.12528475383319193
0.06841000812111551
0.0
0.1402762822035341
0.07667821899796996
0.0
0.15532049564414194
0.08493448409076088
0.0
0.17048418750479247
0.09324327054153224
0.0
0.18557867663579597
0.10155014887368248
0.0
0.20118651283803543
0.10987824274849789
0.0
